1280.407502 41.725296 41.725277 4.231381 0.023693 0.023439 0.004273 
1280.507644 41.725307 41.725281 4.231382 0.023709 0.023458 0.004267 
1280.607348 41.725319 41.725288 4.231384 0.023812 0.023567 0.004300 
1280.707360 41.725327 41.725300 4.231385 0.023833 0.023589 0.004298 
1280.840542 41.725319 41.725296 4.231385 0.023871 0.023630 0.004300 
1280.973649 41.725334 41.725304 4.231386 0.023933 0.023695 0.004301 
1281.106934 41.725338 41.725311 4.231389 0.024022 0.023788 0.004333 
1281.206948 41.725338 41.725315 4.231389 0.024068 0.023833 0.004336 
1281.340083 41.725334 41.725319 4.231389 0.024082 0.023851 0.004347 
1281.440084 41.725502 41.725479 4.231408 0.025359 0.025163 0.004493 
