1280.407502 0.033008 9.809710 0.068018 0.037582 9.808898 0.142211 
1280.507644 0.029296 9.809752 0.063268 0.037839 9.808883 0.143185 
1280.607348 0.079588 9.809382 0.076132 0.034757 9.808943 0.139771 
1280.707360 0.062296 9.809420 0.086711 0.035250 9.808931 0.140463 
1280.840542 0.069752 9.809434 0.078997 0.032239 9.808969 0.138569 
1280.973649 0.072359 9.809429 0.077280 0.033022 9.808974 0.138002 
1281.106934 0.108518 9.809156 0.069218 0.024770 9.809077 0.132227 
1281.206948 0.125451 9.809001 0.062252 0.020468 9.809152 0.127433 
1281.340083 0.104701 9.809199 0.068914 0.024523 9.809087 0.131638 
1281.440084 0.147335 9.808467 0.091459 0.020137 9.809170 0.126037 
